==============================================================================
  HPIS — RAPPORT DE SESSION BIOMÉTRIQUE
  Human Performance Intelligence System
==============================================================================

  INFORMATIONS DE SESSION
------------------------------------------------------------------------------
  Début   : 2026-07-14 15:29:24
  Fin     : 2026-07-14 15:31:26
  Durée   : 2 min 1 sec
  Source  : ws://10.42.0.71/ws
  Paquets JSON : 116   |   Trames ECG : 2902
  Échantillons ECG (≈) : 29000  (@ 250 Hz)

  VITALS
------------------------------------------------------------------------------
  HR   (bpm) : moy 74.77  min 68  max 81
  SpO2 (%)   : moy 97.91  min 97  max 99
  Temp (°C)  : moy 36.82  min 36.5  max 37.1

  QUALITÉ ECG
------------------------------------------------------------------------------
  Qualité (%)  : moy 95.39  min 92
  Bruit        : moy 3.77  max 7
  Lead-off     : 0 fois / 116 paquets

  BATTERIE
------------------------------------------------------------------------------
  Niveau (%) : début 85  fin 99  moy 86.39
  Tension (V): moy 3.95

  JOURNAL DES PAQUETS
------------------------------------------------------------------------------
  #    t(ms)       HR  SpO2   Temp   SQ  Bruit  Bat
  0    6553        78    99   36.7   99      4   85
  1    7561        74    99   36.7   94      5   76
  2    8567        80    97   36.9   92      6   75
  3    9573        79    97   37.0   97      7   97
  4    10576       76    99   37.1   98      2   93
  5    11579       73    97   36.9   97      0   80
  6    12582       78    97   36.6   93      5   77
  7    13584       71    97   36.5   98      3   76
  8    14587       68    98   36.8   94      3   79
  9    15593       79    97   36.7   94      3   87
  10   16597       75    98   37.0   99      5   85
  11   17600       80    98   36.5   95      4   81
  12   18602       73    98   37.1   98      0   97
  13   19606       73    97   36.6   97      1   92
  14   20610       75    97   36.9   95      1   87
  15   21615       81    99   36.8   94      0   79
  16   22618       76    99   36.6   95      0   85
  17   23623       73    97   36.6   98      3   75
  18   24626       70    97   36.7   95      4   84
  19   25629       77    97   36.5   99      3   77
  20   26633       77    98   37.1   93      6   78
  21   27637       69    97   36.5   96      4   90
  22   28640       68    99   37.1   97      4   83
  23   29645       80    98   37.0   93      7   96
  24   30651       79    98   36.7   93      4   99
  25   31654       79    98   36.5   95      5   91
  26   32658       72    99   37.1   99      3   99
  27   33661       68    99   36.8   98      3   86
  28   34666       80    99   37.1   99      3   77
  29   35672       68    99   37.1   97      1   86
  30   36675       68    98   36.7   98      2   95
  31   37681       73    99   36.9   96      3   96
  32   38687       72    97   36.5   99      5   97
  33   39693       69    97   37.0   97      6   93
  34   40696       73    98   36.5   97      2   78
  35   41701       74    99   37.0   92      7   89
  36   42704       75    97   36.7   99      5   91
  37   43708       71    97   36.8   93      2   75
  38   44711       79    99   36.8   92      6   89
  39   45716       68    97   37.1   94      7   93
  40   46722       81    97   36.7   96      2   84
  41   47727       79    98   36.5   97      5   80
  42   48729       71    97   36.6   95      3   95
  43   49734       72    99   36.6   92      6   89
  44   50737       71    99   36.8   95      4   79
  45   51744       72    99   37.1   93      3   92
  46   52746       69    98   36.6   97      6   75
  47   53749       80    98   36.7   99      3   99
  48   54751       68    97   37.0   92      6   85
  49   55755       81    97   36.9   92      7   80
  50   56758       79    97   36.6   92      3   94
  51   57763       75    98   36.9   92      3   82
  52   58767       74    98   36.7   94      7   79
  53   59770       74    98   36.6   99      5   93
  54   60774       77    98   37.1   93      1   89
  55   61779       77    98   36.9   98      7   89
  56   62785       72    99   36.9   94      0   88
  57   63792       74    97   36.9   93      1   98
  58   64799       77    97   36.8   93      7   88
  59   65804       76    99   36.6   93      1   80
  60   66808       81    99   37.0   95      2   75
  61   67814       76    99   36.6   95      6   98
  62   68821       77    99   36.9   93      5   87
  63   69824       77    97   37.1   95      7   76
  64   70830       68    98   37.0   93      0   76
  65   71834       68    99   36.5   98      7   87
  66   72840       78    99   37.1   97      6   91
  67   73846       69    97   36.7   92      3   88
  68   74850       76    98   37.1   92      7   93
  69   75856       75    99   37.1   97      4   88
  70   76860       75    98   37.0   97      7   75
  71   77866       80    98   36.9   98      4   87
  72   78871       77    98   36.9   93      0   79
  73   79873       73    99   37.1   97      4   84
  74   80878       80    98   36.8   96      7   75
  75   81881       75    99   36.7   96      2   80
  76   82883       75    98   36.7   99      7   86
  77   83889       78    97   36.5   92      3   84
  78   84893       69    98   36.9   96      3   87
  79   85896       81    97   36.7   94      6   93
  80   86899       81    97   36.7   94      2   98
  81   87902       75    98   36.5   97      7   86
  82   88908       79    97   37.0   98      4   81
  83   89915       76    98   37.0   92      5   91
  84   90921       68    97   37.1   95      2   91
  85   91924       81    98   36.8   99      7   83
  86   92927       75    97   37.0   96      0   91
  87   93930       72    98   37.1   99      7   81
  88   94935       80    97   36.7   95      6   84
  89   95940       78    98   36.7   94      6   86
  90   96943       73    97   36.5   99      5   77
  91   97948       72    97   37.0   92      7   89
  92   98953       78    99   37.0   92      2   75
  93   99957       75    97   36.9   95      5   96
  94   100961      69    97   37.0   98      1   99
  95   101964      80    97   36.5   95      1   75
  96   102967      80    97   36.6   94      6   93
  97   103970      79    97   36.7   98      1   87
  98   104973      76    99   37.1   97      2   88
  99   105978      69    98   36.9   93      4   90
  100  106982      70    98   36.9   92      3   92
  101  107984      75    98   36.8   94      5   78
  102  108987      74    99   36.8   92      2   92
  103  109993      68    99   36.6   92      3   98
  104  110995      69    97   36.5   96      2   97
  105  112001      77    97   36.6   94      1   90
  106  113005      74    98   36.9   92      7   77
  107  114009      69    97   37.0   97      2   82
  108  115013      76    99   36.6   94      3   85
  109  116017      76    99   36.7   92      2   93
  110  117020      78    97   36.5   96      3   77
  111  118022      79    98   36.9   95      2   85
  112  119025      75    98   37.1   99      0   80
  113  120031      79    98   36.9   99      0   92
  114  121033      68    98   37.1   98      4   88
  115  122036      72    99   37.1   99      4   99

==============================================================================
  Généré le 2026-07-14 15:31:26  —  hpis_session.txt
  Projet HPIS — Mohamed Amine Saad — ENIS 2025-2026
==============================================================================